[[1.00000000,-0.14053680,-0.09800775,-0.04393961,0.01995525,0.22367388,0.29817721,0.38331417,0.61171115,-0.07084309,-0.33934174,-0.67758525,-0.15779965,0.15078575,-0.18205079],
[-0.14053680,1.00000000,-0.13745115,0.07983213,-0.26715279,-0.02523040,-0.18555220,-0.34555570,-0.15576197,-0.11345825,-0.09484480,-0.02151651,-0.05404575,0.00479090,-0.34073172],
[-0.09800775,-0.13745115,1.00000000,0.11341001,0.52986846,-0.02540931,-0.18369318,-0.15320842,0.16983439,0.24897187,-0.22551402,-0.03481530,0.13234828,0.36994532,0.07119225],
[-0.04393961,0.07983213,0.11341001,1.00000000,0.19549979,-0.05349770,0.25195550,0.10885463,-0.33533753,-0.34656236,-0.35014032,-0.01538515,-0.32920323,-0.13016133,-0.20058123],
[0.01995525,-0.26715279,0.52986846,0.19549979,1.00000000,0.03354529,-0.07483679,0.09151763,0.15430670,0.64298458,0.02803656,-0.05686138,-0.11062150,0.20338524,0.09383508],
[0.22367388,-0.02523040,-0.02540931,-0.05349770,0.03354529,1.00000000,-0.11542624,-0.38579864,0.33273855,0.16102360,-0.25782028,-0.42075761,0.49935832,0.04941238,-0.36210790],
[0.29817721,-0.18555220,-0.18369318,0.25195550,-0.07483679,-0.11542624,1.00000000,0.29079911,0.07707893,0.05445221,0.01843825,-0.34781528,-0.23759655,0.17055003,-0.12353863],
[0.38331417,-0.34555570,-0.15320842,0.10885463,0.09151763,-0.38579864,0.29079911,1.00000000,0.14473232,-0.05746490,0.16926402,-0.04546945,-0.23701999,-0.33080311,0.34043961],
[0.61171115,-0.15576197,0.16983439,-0.33533753,0.15430670,0.33273855,0.07707893,0.14473232,1.00000000,0.35771688,-0.01261328,-0.47793281,0.20067767,0.19455748,0.00112664],
[-0.07084309,-0.11345825,0.24897187,-0.34656236,0.64298458,0.16102360,0.05445221,-0.05746490,0.35771688,1.00000000,0.29335170,-0.04893465,0.10586222,0.08202525,0.09811592],
[-0.33934174,-0.09484480,-0.22551402,-0.35014032,0.02803656,-0.25782028,0.01843825,0.16926402,-0.01261328,0.29335170,1.00000000,0.26282368,-0.09448324,-0.13298906,0.56276293],
[-0.67758525,-0.02151651,-0.03481530,-0.01538515,-0.05686138,-0.42075761,-0.34781528,-0.04546945,-0.47793281,-0.04893465,0.26282368,1.00000000,0.01268939,-0.15809395,0.34357707],
[-0.15779965,-0.05404575,0.13234828,-0.32920323,-0.11062150,0.49935832,-0.23759655,-0.23701999,0.20067767,0.10586222,-0.09448324,0.01268939,1.00000000,-0.03577927,-0.25046967],
[0.15078575,0.00479090,0.36994532,-0.13016133,0.20338524,0.04941238,0.17055003,-0.33080311,0.19455748,0.08202525,-0.13298906,-0.15809395,-0.03577927,1.00000000,0.19745573],
[-0.18205080,-0.34073173,0.07119226,-0.20058124,0.09383508,-0.36210791,-0.12353864,0.34043962,0.00112665,0.09811592,0.56276294,0.34357708,-0.25046967,0.19745573,1.00000000]]
